14
12
25
53
48
51
30
2
41
21
17
49
51
21
33
52
45
18
37
5
30
52
27
29
0
45
37
19
0
49
17
19
10
16
36
8
20
42
11
42
25
49
44
30
17
12
48
31
33
34
29
49
50
19
52
18
33
38
37
31
30
51
47
13
28
45
7
17
5
23
42
54
35
52
39
16
19
49
28
10
9
21
26
32
33
54
26
16
25
8
44
46
17
24
13
39
18
32
31
10
13
1
17
29
20
11
38
13
33
19
38
13
32
44
8
12
45
6
10
0
7
21
24
42
7
29
12
13
27
21
33
52
54
15
41
8
28
8
49
4
33
16
5
12
51
37
46
54
38
54
9
43
46
40
52
43
45
28
29
29
44
50
52
51
16
10
36
21
49
49
0
14
36
45
40
47
17
16
18
54
35
40
1
1
13
52
31
45
18
15
38
4
36
7
37
40
48
26
35
50
2
30
33
9
0
37
31
40
54
0
35
6
9
19
13
20
54
9
47
2
22
6
53
49
3
19
21
4
52
54
20
54
28
20
40
32
43
50
6
30
45
31
53
53
44
47
6
38
19
40
6
22
31
48
31
20
52
18
5
12
6
53
49
51
7
1
47
27
21
10
34
14
18
3
8
47
17
4
23
31
5
10
14
16
47
33
12
32
49
47
51
35
6
49
18
5
33
24
26
24
2
45
9
25
22
22
33
47
42
19
25
46
17
18
7
10
48
21
49
45
5
42
23
50
18
49
7
3
30
22
39
23
34
28
7
39
18
44
13
8
24
28
9
46
46
47
22
49
39
2
9
33
25
8
34
30
44
9
36
10
43
21
4
24
16
18
3
43
4
3
51
11
26
22
41
52
41
27
54
45
41
32
48
50
34
14
50
50
19
12
38
17
45
37
38
46
37
17
20
13
9
38
48
30
26
2
24
7
22
2
20
29
22
39
23
12
0
43
46
44
10
29
19
43
10
42
54
27
4
26
34
50
18
34
23
18
31
32
40
14
0
6
13
14
31
7
49
36
24
48
37
22
54
2
15
18
51
35
17
5
48
26
26
25
22
25
14
20
15
23
43
6
48
31
16
52
30
26
24
9
41
24
8
33
36
47
17
27
2
22
22
43
35
13
24
25
48
5
48
40
4
1
17
45
4
15
36
49
32
29
50
36
34
51
45
37
13
19
30
51
18
45
34
54
51
21
49
44
54
18
36
22
5
20
36
27
51
5
5
46
47
26
54
52
28
37
8
54
15
40
35
35
18
13
43
9
41
41
32
24
44
21
6
44
37
9
11
8
43
31
23
37
48
41
13
50
40
47
23
21
12
14
31
36
8
50
3
51
36
25
46
18
11
10
48
14
39
38
29
15
52
11
35
20
49
30
29
13
40
37
26
16
14
20
25
17
4
23
24
19
48
30
33
19
33
46
2
43
28
37
48
25
0
32
43
49
45
10
42
38
37
52
7
54
26
0
44
14
3
12
26
48
30
26
50
48
4
39
20
16
47
35
49
37
25
49
11
50
41
29
26
14
41
33
38
13
29
35
33
40
31
47
10
51
4
23
24
47
17
30
28
30
13
32
0
21
45
19
17
2
13
13
1
5
4
40
3
19
37
1
26
3
30
17
38
39
39
37
0
31
17
48
19
41
47
51
29
50
30
1
23
44
29
5
13
34
45
33
31
8
32
47
4
24
17
36
0
48
52
24
49
4
46
36
51
23
5
32
35
0
28
8
31
15
0
53
25
49
5
17
45
8
3
25
25
44
6
6
48
16
6
34
48
22
5
37
50
43
31
2
27
16
32
38
48
53
4
43
33
26
37
12
13
36
21
48
31
32
25
43
24
54
0
25
15
33
23
53
8
25
32
19
9
6
36
2
40
7
25
2
44
8
5
17
1
19
53
15
50
2
7
25
48
39
2
13
45
25
37
54
45
24
1
15
8
6
32
52
11
44
37
0
53
31
34
13
32
53
9
47
35
7
34
31
48
29
24
43
45
50
45
33
54
53
45
10
14
46
16
17
9
7
45
10
1
18
10
18
13
8
2
25
48
42
50
21
37
3
6
1
7
40
26
11
40
29
8
16
30
49
38
36
2
40
18
10
35
47
42
41
31
15
19
54
44
48
18
24
8
20
22
4
17
34
11
26
17
18
51
35
45
36
24
11
50
18
34
9
0
0
40
44
44
16
27
41
51
26
9
22
27
43
43
49
3
30
6
29
14
14
51
22
4
33
18
31
13
8
27
31
12
31
27
52
41
47
49
47
32
14