0 ,481208997226 7124
0 .9092218987487982
0.  3268611158564687
0. 38081302402434 647
0  , 7685621545518444
0.39474990254881837
0. 81622554846951
0.8129261039492799
0. 8145110129464285
0 , 8832713859173044
0. 663782473 298807
0. 10053755624241068
0.19 96441213368092
0   .30604541905451543
0 .7631016629517158
0.8692572735980064
0 .4988152759200304
0 . 0448601574587163
0 .7910348159479327
0 . 44376909755453076
0 .11451859130066822
0 ,2101082 554686745
0. 9493 410229557325
0.4937018681941837
0 ,6923587270860889
0. 8335814906798242
0 .  2591917113119184
0 .2608634062599515
0. 6717384469162729
0 . 8907749484129942
0 .  9857853787695112
0 .88 22169119521088
0 .778567089948 7998
0 .32400 99513139345
0.345041785380116 87
0 . 334772090181382
0  ,5359710575994089
0. 08169501197241402
0 . 6364682331432091
0.8021450051836201
0 . 7129 646648303481
0 .7997082204289271
0, 7711388492789671
0.38043151364597494
0 , 6856278748869686
0 .22576082864106284
0 . 4966695358853057
0. 19168058518261377
0, 5658384281809871
0,348545171 5432627
0.4746 16284563667
0  . 1563594195399869
 0. 5323887434676383
0 . 3764 930161644858
0.9850503227147729
0 .1249746744044482
,9321086020554957
0 .47892867935263916
0 .  5332687695738532
0 . 8312868365139249
0,9397848932963035
0. 9402 280960466106
0, 25582249763467935
0.18759116151467647
  .68 52522073850027
0 .4333199764534784
0. 637673603383344
0. 9027934160709783
0 . 8769743456579315
 0 .34930587227452226
0.8 591885698125468
0 , 670149177252185
0 . 8607256356626872
0.8496125627336424
0 . 1417076214145978
0 . 4828910455626685
  ,5199251876112913
0. 697753 1350387703
0 . 9123609688590443
0. 4043128766608459
0  . 34200255020707593
0.3830763370182019
0  . 08062103752730054
0 . 566 175579122155
0 . 4389333655598864
0. 344746394773 73525
0. 47244890210051027
0.3228781677212327
0 .23 478991641306235
0,6773709929235682
0,  28407517598151566
0,4713152086021276
0 .5768188144114372
0. 5157853993341444
 , 768144772629445
0. 8433454201199909
0.9160841000686223
0. 22845672193346056
0 ,5448805354799576
 .21235024215461118
0 .068 42959020548278
0 .4958735434073044
0.4532855953804966
0. 4202961758705721
0  , 7514844394691 307
0.4821718243276558
0.49034776691154414
 ,018862330291942286
0 .614727639200526
0 . 5662872100448562
0 .6046665666978198
0 .33189939800938173
0 . 6371089379608961
0 .7823135820455862
0 .5012378211287155
. 9989125229784287
0  ,9890846021580945
0.8293 580111968769
0,8514128101866996
0 . 673150463868206
0.528239428 5438691
0. 48 071712072949624
0 . 1779469176256281
0 . 8896478600845183
0 . 8444214656380727
0.794 6635516223353
0 .  5645261511104757
0 .14331256961872685
0.812873653 77514
0 .9413903504408372
0.6531827958417622
0. 7903231259494602 
0 .8589160534827885
0 ,583930203081 2576
0. 845594480511414
0,  7580685858292868
0.708405025553991
0.954202740931378
0  .8955088909353709
0  .23824652091135112
0 . 22035700495997335
0.6007143788917574
0 . 52134685038569
0, 4256010476199945
0  ,8492365338 397194
0 .855813597390207
0. 714543268802579
0 .7748645470262067
0,178780432312 22218
0 .6363885307323875
0 ,6872536864830793 
0, 09734762646828043
0 . 5089148538093256
0 . 80760 68988819536
0 , 3413990385500437
0 .2812044287440265
0.8180467847739971
0 .8246371908623114
0 . 12665827463698642
0  .907 1825534656184
0 .  7885196172352287
0 ,522953812220596
0  ,6114895419511677
0  .  4023572363946837
0. 08518966376208115
0  . 450358 8273351453
0 . 1398251553025742 2
0, 9702548187 526762
0 .04291498710809505
0.3874662619800975
0. 3827913766799027
0, 30401827176617 835
0 .  3021411741512313
0. 4356650330192826
0 . 16356014326289248
0 ,  994898855 5753749
0   , 6941882893179903
 .4700278415903406
0 .464213711960319
0.  19357792035562205
0.1382152638093459
0,346 2341829086404
0. 5600768614593511
0.9845252862818171
0.4144848986591383
0. 20471206594988056
0 . 7468070789241956
0, 8322257295092368
0 .05670970620732818
0 ,  4180716740609982
0 .  12641985726018123
0. 9038676479369383
0  .7975885758804688
0 .4826529836792919
0 .22192513330093777
0 .6203134994665908
0,  1775922896184119
0 .33810488231789404
0.1 4445891571066938
0. 7813176669006693
0, 7131358736978081
0.2698689863350907
0. 10425852525304657
0. 0825082277156084
0 .  9469120059116645
0  . 3641696952842214
0 .4 601937119164943
0 .9596124024016097
0. 518178057812984
.7604860684311744
0 .  237987362 28402517
0 .20095606285763745
0,957 1863953333327
0 . 9125569280092789
0 .391504501645038 8
0,7455566370257068
0.  7247096240493723
0 . 21875918147669604
0. 6781076574358175
0 ,6227105408708572
0  .  3036266255643193
0. 989389554081029
0.  5353321453795739
0,  9845956360417999
0.3819904942749588
0 .547875944592356
0.8118591561659
0 , 20039560615382468
0.25462728519436884
0,9079126803176574
0 ,33 715585768298817
0, 8924241118564308
0. 7556309350480596
0 .6442323347378957
0 . 06945546347614451
0  .09923709840440476
, 5691557959115044
0 . 9551116921594219
0 . 8463054003031609
0.25688113437683024
0 . 06462794554203355
0 .32169756921682224
0  ,  8001647047075979
0, 45922568194312574
0 . 6133162232022362
0, 8937817 576246876
0 . 7140275910155965
0  ,5882717268072308
0,  19427277194704284
0, 972585986408615 8
0.4420644284172648
0 . 9634186478280758
0. 8616457638082552
0 ,4738113045417829
0.5041938867357835
0, 2497177816942654
0. 87091 32819556472
0 . 9335480770674679
0 .70412984 16321602
0 .6250962514419213
0  .13333428488309473
0. 6747046022140919 
0.11778857894537531
0 .7964513593294228
0. 39162749854378465
0  . 04517651340635387
0 .414 2126552221339
0 . 4967467 7116506993
0 .90868 77885196513
0.8706971932786564
0 . 9109805262153591
0. 10221607980664438
0. 9030993730591313
0 .4 039507442835054
0.21508397487702158
0 .4 945754128888947
0 . 8458098360680203
0.  22494141580275562
0 . 3886087182581127
0,   7927770919354835
0.07251627468819144 
0 .41029656822627025
0 ,8189255988967179
0.3920465868043883
0.120469 19218364915
0. 3181446175712802
0,37116854949 8353
0.  13752719497927135
0.60840 79357970654
 0.8705993064801492
0  , 490793598310294
0. 92187176765223 64
0 . 14847752915114076
0. 755644211232185
0 . 5542552767993536
0 . 84441225481048 41
0. 3886275550131003
0 .9758070964335294
0 ,29357055269089294
0 . 34153070232957894
0. 31920515357892676
0 , 9094256054978628
0 ,7529410168192964
0 . 37147912805961136
0.8950909131900634
0 .009347815793158909
0 . 31048618366463143
0 . 011468613583088594
0 . 6521272443227374
0. 496609151767 4246
0. 8335570777605327
0.976783568315889
0. 7121146954235192
0. 7824996881401812
0, 22223 73277859192
0.  1321018070115736
0 .  14354245093111107
0 ,2271993795765329 
0. 47890109082633 747
0.14960654778232407
0.8576118994078185
0.  6804419563800372
0 , 9806950563342943
0 . 09113297588724734
0 , 027629 429488544632
0, 47273319023503413
0.11506969095099462
0 .  8835246628038423
0, 5627577283979746
0  . 48739317160480655
0.3045431954018175
0, 36225487525106115
0 , 6021657651532604
0. 046072001400854434
0, 8931911795670788
0 .2275230260080939 3
0 . 283189404187445
0 . 43205971934101994
0,27959093499540166
0  .4898666978602505
0 . 13190244979548127
, 6972 474452879523
0,13648177476422751
0.9645325081871932
0,5959853244772212
0 .9929017251492753
0.14325927500413072
0. 8640 103149246839
0 ,8411149514779811
0 ,289871908 83450353
0  .4868605148333627
0 , 7070469690632 023
0  .676611207 5371572
0.  2294699197316551
0 .18441704408860893
0 .033536619893359765
,16345763550592596
0.6644079474011072
0. 4 7808424148007167
0.8004846089919 978
0  ,337502 76426486847
0. 44326748040249486
0  .  9670370604606937
0.509256544 9143872
0.6425986889199714
0  . 36132016961067925
0.21772040681003924
0 .48193954679520823
  ,16748417194412413
0.  26844519351011253
0.207448 57163234798
0  . 6963688560962826
0 ,929250 3761414093
0 . 9675838347681439
0  .  38037898438386886
0 .62790743 89547418
0,3684411050521449
0,2233706960 6283244
0 .9957516100970827
0  . 8617352328387907
0 , 3977269957817807
0 .  44299113211443863
0,6351571950773388
0 . 34453635111682646
0 .8201529288500629 
0,9978 26629269995
0 ,23802371109896936
 0 .  4754331841505943
0.5568103521172744
0.5900985626293941
0 . 5271175581429722
0 , 7238130110236286
0 ,  86 75880378915984
0  ,9001137743665403
0,22151897706 823243
0 .9884975742394093
0  . 689255993125661
0. 5841820507644424
0,7991279974122929
0.22841591931076144
0,8925670959730254
0 . 5888074306175717
0.9300718844393995
0.417346906561279 6
0 , 8649831825094371
0. 6410401321949338
0   ,2544120999340973
0 . 46262531099334947
0.6282722615748109
0 , 40384513396 81842
0.9191417464293343
0,998403310538465
0 .023620349076854286
0 .  5200607684330206
0. 21262567288077883
0 ,6949033441536219
 0  , 19926443857396037
0.5194402208316936
0 ,771941849945105
  . 01679680 649356663
 0  .7054991072697826
0 .8782573 317473584
0. 4517 468429943471
0. 8921616228520626
0.6789698948541522
. 03087037209584797 5
0  . 9658679310136237
0 . 8048840754706409
0 .10561993862493546
0  ,46661946 78345976
0  . 97088596 36868002
 .4876556928079464
0 .49624757169449796
0 . 8595642492 862395
0.32585517890889 926
0.858 362549629406
0 . 6013168170065826
0 , 58422566 075497
0.07885718304497791
0.4569800069365415
0, 8989798748161933
 0.5477338470587523
0  . 13475920348941606
0,610417373549 6266
0 , 62 03336788697423
0 .011197423789675809
0 .973644985904855
0 .54519462 37993636
0.9737160409475274
0 , 6635264165016498
0 . 6628641031172917
0.9907187239423019
0 . 449803040395511 33
0.  5272234501100416
0.  5731988757306842
0 , 9624957469705196
0.29407659962759436 
0, 5755140006176781
0 . 419836878000287
0. 9 334214995876122
0 .223681 80450049957
0  .4046235770700354
0,25778842647590205
0 . 4146507441720515
0 ,6071372861136878
0 .39154304309129373
 0 . 04197662382394285
0,16605448671305045
0 .6835737818686483
0 . 469147900988266
0,33920596190089025
0. 26547594734624025
0, 625 8370235514438
0 .6226938777881879
0 , 52 59018388187686
0 . 6610494845405036
0 .62 51457170176742
0 . 42252669872562076
0. 015796555371758392
0 .89869630718765 05
0  .7244900969829154 
0 ,  8961811159099988
0. 71 00097008216488
0 .4287012594938183
0.6123906016629779
0  ,8752205395046069
0 . 7792172925302946
0 . 3585 927844816891
0 .6085517945124966
0 . 911054178023492
0  . 5284171448454243
0 , 36 35989376758185
0. 8388053674921143
,  12880721881934842
0 .  39377730445202197
0.6184593497 765233
0, 4407788455487699
0,8915575806755226
0 ,9489093491507682
0 . 435091260821837
0, 8135662 906959722
0, 8305378418603276
0 , 753702 7156207251
0,9895409316695188
0.15926547483569753 
0 .  7823717745375529
0.  263611415374851
0  .76 79766759801808
0 .83221813882 12323
0, 48753773113 95642
0.37947518119076173
, 34481212051140453
0. 67828907900897
0 .4548023879224822
0. 032937928687323925
0 .43495 92387271113
0 .48043037298668145
0,80044505806602 85
0,98333389 22442203
0 .  6200899423231024
0 .24952822317605483
0 .1014462326446195
0 .  5144793478988923
0. 162645830377479 82
0,5755178098680361
0 .9172517551276218
0 . 2944660995161392
0, 4499804441592691
0,7522889875331266
0.4202022465238662
0 , 4711332881615431
0  ,8598133176089613
0,07184077592663252
0 .4704405274779796
0,4280529506969796
.21232804832069907
0.7997123378258194
0 .57093392139 64736
. 014123069631981733
 ,22711061627243345
0 , 45 148968524365884
0.  142717610686106
0  . 39495310080753676
0 ,397942928763924
0  .6219424925496472
0 .45929625507061234
0 ,  9371866709713196
0 .8179440174727808
0. 9364704926225044
0  ,7599697998637879
0,91574 86337258388
0.527015639330501
 0 , 45239345590380053
0.432607534909454 14
0 .14058780772394674
0. 21510896215564268
0 . 5969836495 342565
0. 12378046236513252
0,827717581422962
0 .6437073204675758
, 8165078631944029
0.  04771584068414114
0,39708420868544314
0, 9369067693324578
0 , 1 217375942142288
0 .  5726868361886257
0.9902960736246645
0,2429978 0087423184
0 .5070437877338796
0 . 30433 89598439922
0.12361923446910594
0 , 89304523323 41914
0 .1762542038268955
0 , 17810960753683058
0,5533030017579247
0,6931153920337502
0 .9411686505236356
0 . 84479955168545
0, 9888648855703528
0, 99649130638994
0. 2549878093586023
0 .  8460990949564762
0 , 9947195304628532
0.6193168012269966
 0 ,5896955040835514
0 . 7354370421900687
0. 5523283986453912
0 ,943364021677389
, 7543065324789919
0. 3042779043598917 7
0.6456595092984909
0.7154702947380179
0 . 03515503070049664
0 . 8639343797339363
0. 6173396555265366
0. 20923191343198755
0,3014713253704968
0 .6018716563172998
0 .  8815093648610745
0 , 6518276094041875
0 . 9989389889570974
0 , 18287468300776555 
0.955100290 4486312
0  .9126383985934254
0 , 6285104815693601
0.606902463148033 9
0 , 3545 6446842384093
0.128 51990393691215
0 . 5122005612911016
0 ,7717379623080577
0.1727607899308521
0 .24802419572877388
0.22205439785428016
0.714394584734864 6
0 .  292862200054118
0.45 34590428914934
0  . 4140710599404005 
0, 6317908649422899
0 ,  8294385447139065
0 .  651160978037818
0. 3532624784364965
  .8167960727375182
0  .943267018564658
0.8069548612116446
0 . 49447544298498547
0.47005334081168815
0 . 1795464807057251
0 , 007761140536983402
0  . 9933042815956368
 . 6381172087602597
0. 018597943887893598
0 .  9782768608208482
 0.  2536883207299224
0 ,7872033011623754
0. 7198392183416712
0.7614682523740053
0 .6167048510927639
0 ,585238834110575
0.  6440184424973739
0 .16015189161589805
0 . 301106914582 1367
0 . 5331589039265303
0 , 7945850387980311
0  . 4207 267319242687
0 . 25939259999478903 
0.33049777032589933
0,19477916260055 483
0.9591031466889246
0, 37571567939452966
0. 9164102730063197
0, 24094275048148273
0 .3085348938063719
0, 19520450772227638
0.  19711777571971312
0. 8333010834474218
 0,  591993811754843
 0 . 7565824871475514
0 ,734673865653 6079
0 .9134408157409996
0 . 1142077916877049
0 .  3355262793439667
0  .  849584108261767
0 .22364203354756118
0 .523458 7694289882
0 . 7592239943307153
0 ,98285725458656
0.47865875718283546
0. 25 53685620828954
0  .2933742487086938
0  . 35069990107158666
0. 164369397524 27493
0 .10419395746165827
0, 7898909089239967
0 ,44551947006250825
0.115124431 7205471
0 .9097416414139677
0 ,8207235330853292
0.543410862866051 7
0. 7506849283 54508
0 , 7762793947524704
0.2264678148665344 4
0, 4357151172446806
 0 . 09238825938051076
 . 8913991767371225
0.  7190556113776333
0 ,5511418812483647
0. 29957108162233703
0 ,  2389119129999595
0 , 4761389316557736
0 . 05126843 138206094
0 .7681098207430899
0 .6610733412307971
0,  36490085057313615
0  .3309176933772682
0 . 20151329426818287
0 ,8954970890403783
0 . 20732269265683634
0. 88907561147 54952
0,  6033391783684788
0.  019475842685889644
0 . 652027091267262
0,1955357285327457
0 .3369 0953132152246
0 .  9980348934485364
0, 5189215996262992
0.5486843214770291
0. 25082117889405264
0  . 7850448774481145
0 .7652857369994602
0,8028379689653148
0. 9470205577937402
0 . 3346510604552495
0  .5655661360122708
0 . 3582075775046989
0. 6310309703462892
0 . 20198794406197584
0. 9645232871562045
0 . 6942598254037825
0 .15273213866772706
0 , 784399200373105
0. 5576115431930355
0 ,  5062426648774457
0 .18669821032 03937
0 .38422491234921674
0. 7356974654000895
0,46217046728985156 
0 ,6152884590452 917
0. 22656538054163466
0.6247554356253147
0 . 8182259538047866
0.11469037004216787
0.35444636500024784
0. 08501020935666714
0, 43535504051 97688
0  , 3269040688161139
0 . 155683 5292605625
0 . 986572659237635 7
0 , 75931821703 84085
0.5743597271683331
0 , 28596298437262935
0. 17010045010334063
0  .6158622005868069
0,  7355399873266039
 0 . 9593952084331754
0,  23191036250314423
0 .  9060334379328668
0 .4827350630577688
0.76589823115 04833
0 . 2702569500377109
0 ,6920538977441216
0 .8900271095624042
0 .6831419819549042
0.6050264375482448
0 . 45403990651075954
0 .11177283394527449
0 . 006858156627855161
0 , 4041691252150349
0. 681135 1376149204
0 .7976610240624105
0. 8898770313828572
0  .42509928831595034
0. 9711011221588878
0. 043430641594292996
0.4722190527350373
0 .2923299699241272
0 ,894 5840690559139
0  ,06838199504392284
0  . 8757 966796259986
0.6179449272767933
0. 93428256828 56551
0 .4927697037530122
0 ,05622225808617731
 0. 7237594344540179
0.8886679962227759
0   . 5511773791958311
0. 14452669601382218
0.7143853576329502
0,741155565 2557466
0,3023325900728663
0,16033988599934745
0. 5923015062374734
 0.787169722434072
0 . 6826507917972794
0, 6021269815802169
  ,0695621606519573
0. 8574780480235846
0 ,9709104507143447
0 . 2490603372858602
0. 05450310962169902 
0.4370577488871399
 0.9424745229220168
0  ,7200136439423033
0 .6100636734618546
0 ,6320653509512613
 0,16507867604595095
0 . 3992347400612368
0,08190792266996394
0 , 9892670037825346
0 . 6767682136075391
0 . 37730158335116226
0 ,4429450746164536
0 .24405585402553132
0, 626165750682222
  . 14590 335841711155
0. 5447168173837463 
0  .4082719608120926
0 .255655269711892
0 .20166 929539581768
0. 38348342015517367
0 ,  7 822860969760814
0. 10127152308371112
0 . 6497880865983393
0.0032343 187968393305
0.  6981951798092814
0 ,4350252249394243
0.33742640 201449225
.62161520824567 22
0 . 6044384432 43356
0  .5911180301293232
 . 45948779513680116
0 ,22053810030709176
0  . 7253910941241182
0,  7741090828284625
0. 8265728861944334
0 .3668476908382807
0  . 8630997514494979
0,25652446376361604
0 . 2185013190483608
0.33819270775388877
0.237358086231635
0 , 7625759771411572
 , 8240137479093803
0.  8121572252594198
0.3061093027880787
0 .6404816805536659
0  . 38841426868571993
0,6178701 264937544
.017608448818296596
,  4540269764923688
0   . 3477961241808162
0 .6985074169793805
0  . 658447141255303
0 .15419480730826618
0 , 18 652948435708305
0 , 6937471155630413
0 .9862961926209569
0.48408569702469806
0 ,8564986929154 128
,541079364920232
.8631615978658332
0 . 8800752082845823
0.  29727992647459445
0.5933 550958755817
0 .519228717510108
0 .8608925363345676
 0, 8449596701614479
0,  04676495601793884
0. 5720869159250357
0. 695489884823758
0 . 7886130742326756
0 ,34267649367320563
0, 3297 367515033055
0.29687206990653103
0 .6195504396804139
0 . 5327674209754821
0. 030161141 69413342
0,7534487141935676
0.7329130898946505
0 ,8276949009813489
0.7 672325651154742
0.5577665043 793025
0, 2727667322515174
0 . 7938222776855545
0. 17613165342495762
0.17797965575717056
0, 0906713289020693
0.06143480 947192048
0   .47388155366194584
0, 4631351941598776
0. 34281068292557304
0 .  18216301358936438
0. 13636 981986477126
0 , 7122282438312878
0,  004757507262918459
0.5146048207778593
0.  35599395845756365
0 .80672383423250 82
0 . 8716 812106490562
0. 4567351393290636
0 .991725128807209
0.26211 25095541271
0 ,  19 639836306945124
0  . 23545582375563834
0 .  8968619113445752
0  ,784744554052508
0.8421369227971509
0.51941338144703 62
0, 10655039249875 109
0  .7976644760085292
0 . 19570062 40348269
0.8847845415468479
0. 94877 64359649238
. 5588260562978893
0 .6210555294374266
0, 8748666579960935
0  .33726939064677497
0. 005704634704140177 
0.26 41807622407434
0. 8212186554848567
0.7370515490138233
0,  5 353034927120336
0,2925945546124159
0.39052879130290397
0, 3312974286547681
0. 7020562247389088
0 . 1906 9857291455383
0 .006664403756538206
 . 3117586492195734
0. 7798492895040738
0 . 45267200598637936
0 ,  5611574774941702
0.95005665639985 8
0. 960330876044512
0. 45058271172107867
0 ,7786667779684552
0.47661819114494464
0 .4 3320408593403537
0 .20801477598854368
0. 8129483151543487
0.  9764239886237019
0.3409200262253117
0. 3890095189544549
0.797675896093062 2
0,1872818739984129
 .  027285174795102507
.  05149008398146848
0 ,814 8405520112947
0.3872321899704082
0.230399 37729991422
0 .  6116969340591016
0 .  014946318665506886
0.8863399617538693
0 ,1687942827149106
0, 11293822380747 52
0 ,  8884975751700569
0.78658032 16106748
0 . 2086535947282261
0  .10463020574103865
0.23252248389244257
0, 217714332 85601427
0 ,24 32938221935702
0  .8636969005139037
0.142325180 68900812
0. 4108261740187107
0, 49167845605243476 
0,1512953308052819
0 .7917668012067457
0.3323197422734089
0 .  17009678104101533
0, 7523836207058018
0 . 4274335874558 205
0 ,6198338304595236
0 . 25871982960628814
0.7375285220414372
0.  5234692598166677
 0 .5572610700906353
0 .10842565826455375
0 , 05201858870082032
0 .18183594393570135
0, 39 5329890669436
0,  2828710174059098
0 , 4948828484602156
0. 22100 73643267937
0 , 9516927486232847
0   , 6336535425033608
0.30 968692375845075
0  . 23751541569 261136
0 . 8609664510599 204
0 ,08697709704814749
0, 1554116860897572
0. 7839227646909495
0  . 5947737184576818
0. 3701509752868 234
0  .2988236334269254 
0 .324582372762 4615
0 . 976200102 6923697
0 . 14357876706248507
0,47825443582511185
. 10598254896438686
0  .22072248166222186
0 .19389100348597443
0.6400205918566522
0 .  17930681735449183
0,7349303386713448
 0,31424913977461966
0 . 31648710908094746
 0 . 5254363291858615
0 . 8274052871520312
0 ,01 907367792932857
0 .10654496173562866